rotation:
  w: 0.0006627181589832059
  x: 0.009046715225876129
  y: 0.9999584293743187
  z: 0.000925889574977969
translation:
  x: -122.23959859183
  y: -786.4003031858997
  z: 212.05251036527653
